0 (1, 2, 3, 4)
1 (1, 2, 4, 3)
2 (1, 3, 2, 4)
3 (1, 3, 4, 2)
4 (1, 4, 2, 3)
5 (1, 4, 3, 2)
6 (2, 1, 3, 4)
7 (2, 1, 4, 3)
8 (2, 3, 1, 4)
9 (2, 3, 4, 1)
10 (2, 4, 1, 3)
11 (2, 4, 3, 1)
12 (3, 1, 2, 4)
13 (3, 1, 4, 2)
14 (3, 2, 1, 4)
15 (3, 2, 4, 1)
16 (3, 4, 1, 2)
17 (3, 4, 2, 1)
18 (4, 1, 2, 3)
19 (4, 1, 3, 2)
20 (4, 2, 1, 3)
21 (4, 2, 3, 1)
22 (4, 3, 1, 2)
23 (4, 3, 2, 1)

(4, 0, 0, 0)
                  6 2 1 0
18 (4, 1, 2, 3) = 3 0 0 0
19 (4, 1, 3, 2) = 3 0 1 0
20 (4, 2, 1, 3) = 3 1 0 0
21 (4, 2, 3, 1) = 3 1 1 0
22 (4, 3, 1, 2) = 3 2 0 0 
23 (4, 3, 2, 1) = 3 2 1 0


(0, 2, 3, 0)
                  6 2 1 0
0  (1, 2, 3, 4)   0 0 0 0
21 (4, 2, 3, 1)   3 1 1 0

(2, 0, 3, 0)
                  6 2 1 0
6  (2, 1, 3, 4) = 1 0 0 0
11 (2, 4, 3, 1) = 1 2 1 0


(0, 2, 0, 0)
                  6 2 1 0
0  (1, 2, 3, 4) = 0 0 0 0
1  (1, 2, 4, 3) = 0 0 1 0
14 (3, 2, 1, 4) = 2 1 0 0
15 (3, 2, 4, 1) = 2 1 1 0
20 (4, 2, 1, 3) = 3 1 0 0
21 (4, 2, 3, 1) = 3 1 1 0


(0, 0, 0, 4)
                  6 2 1 0
0  (1, 2, 3, 4) = 0 0 0 0
2  (1, 3, 2, 4) = 0 1 0 0
6  (2, 1, 3, 4) = 1 0 0 0
8  (2, 3, 1, 4) = 1 2 0 0
12 (3, 1, 2, 4) = 2 0 0 0
14 (3, 2, 1, 4) = 2 1 0 0
